#S W T DMe thres logL Z DMi DMh DMs
3.888242191086252464e-01 7.239054668950395843e+00 2.084277472011963184e+01 1.252200139440451039e+03 2.056395578020560055e-01 4.370325334368623516e+01 1.313744528434717562e+00 1.174509348251853226e+03 1.393651103154895736e+02 4.039153270689293151e+01
8.246834838982852744e+00 2.147404756362240263e+00 2.084277472011963184e+01 1.479879608710817138e+03 3.775640484252070217e-01 4.498213644320496485e+01 1.303868035218924915e+00 1.165884884940669735e+03 7.023546710370198980e+02 2.104773628441887823e+01
5.174760642540198186e-01 4.588574928311175860e+00 5.488271029906747422e+00 6.369111232200323229e+02 2.582906442879009390e-01 4.314866980501715688e+01 6.536236362575484904e-01 5.785674795350513477e+02 4.664828657198321338e+01 4.983014165088974323e+01
2.162788090025098420e-01 8.865700086213770703e+00 5.488271029906747422e+00 2.470223944744276196e+03 1.858194078098240609e-01 4.431563612968297861e+01 2.937713762362208492e+00 2.460920216177867587e+03 2.077520258645974138e+01 1.586021743077015778e+01
7.610123623285506289e-01 5.327829969782854391e+00 6.781427165526873857e+00 6.240367929717691595e+02 2.397024159394386678e-01 4.333448616890046878e+01 6.776798869100617573e-01 6.006940339265131570e+02 1.586582487013844833e+01 2.329585248507554596e+01
8.315506395268053907e+00 1.810141500185413532e+00 6.781427165526873857e+00 7.574075481574537889e+02 4.112361899791296960e-01 4.443569772330364742e+01 7.932631599652650856e-01 7.068660347875323851e+02 6.392560456308064687e+01 2.670862941209129460e+01
4.726317799917740814e-01 1.135303388162674132e+01 3.597961186172402570e+00 2.006106356483480113e+03 1.642069832760362225e-01 4.454181355207922621e+01 2.286932107935474079e+00 1.976351314606296683e+03 6.143639623458879839e+01 3.636640628448981971e+01
4.101961195837750540e-01 4.385215258026425644e+00 3.597961186172402570e+00 1.976845335338750829e+03 2.642117522116371187e-01 4.396366041156568372e+01 1.766406214787775486e+00 1.559839911828590175e+03 1.141019674136107596e+03 1.258672106260895163e+01
1.329958914003715131e+00 4.039016739584718074e+00 2.774814032234619887e+01 8.700500103854124063e+02 2.753022513573555874e-01 4.381345877508991293e+01 9.482123262292351251e-01 8.482672300083178243e+02 2.890263429919679439e+01 1.353484693100315894e+01
6.876568250208502375e-01 1.720257696833559180e+01 1.432698762673325188e+00 2.242210827356615482e+03 1.333984657524392159e-01 4.465555541335214684e+01 2.524383447270496017e+00 2.157492596099240927e+03 2.740218604411277283e+02 2.455767148439664993e+01
4.917379619173433691e-01 9.484005972350800562e+00 1.432698762673325188e+00 1.548403227975551999e+03 1.796601178050475922e-01 4.413668864106634260e+01 1.691080169355979379e+00 1.497370662887529534e+03 1.059688293037448119e+02 3.136389459600075114e+01
1.273592641898646738e+00 5.135860671982888093e+00 1.432698762673325188e+00 9.329534404527544211e+02 2.441411426000956453e-01 4.393249290308287414e+01 1.002570436457249858e+00 8.975115380659296989e+02 4.354426820035240553e+01 2.743063773130631944e+01
4.297036055616974437e+00 4.612656449471115749e+00 1.432698762673325188e+00 1.340114993099306048e+03 2.576155266793049847e-01 4.483481559028980001e+01 1.409531034263568960e+00 1.257863244688109717e+03 1.718564136910590605e+02 2.633172672815770454e+01
5.059135547176156766e-01 5.117619147425476633e+00 1.186747223756620606e+01 1.058984999371392632e+03 2.445758706441252261e-01 4.366490987467008722e+01 9.795200955191780690e-01 8.766915249269710557e+02 3.553706114768485804e+02 5.482984467895840375e+00
2.942620106268595270e-01 3.872484045972950373e+00 1.186747223756620606e+01 1.354443048592607965e+03 2.811595055617752137e-01 4.379932396253273197e+01 1.487076875890522176e+00 1.324720876594240963e+03 7.036443159769056876e+01 3.556895080688576627e+00
2.086961834200090071e-01 8.560513722790565438e+00 6.671535234435766348e+00 8.408709572969679584e+02 1.891026764391227355e-01 4.263293848561519894e+01 5.957482156803026729e-01 5.253423009038132250e+02 4.783111992923556386e+02 2.519309114302438601e+01
1.118398514144685940e+00 3.789172547576090899e+00 2.085286881428744010e+01 1.205570935506106025e+03 2.842335886767308750e-01 4.428969074807568518e+01 1.328207517227754764e+00 1.187138883198138501e+03 1.725307970158590720e+01 2.566056303975923214e+01
9.383561422575422695e-01 3.017469107311545073e+01 2.085286881428744010e+01 1.818780908508991160e+03 1.007224249837820607e-01 4.454526383622454944e+01 2.056684615466987331e+00 1.795577874703452608e+03 6.036340633739197870e+01 1.056095012815779199e+01
2.060471386512303660e+00 5.367072121986000255e+00 1.253543187586281782e+01 9.696833246076606656e+02 2.388244981688504021e-01 4.398487527892969950e+01 9.151684549758256626e-01 8.182546234928227022e+02 2.679126600882480602e+02 2.209881146485217940e+01
5.414693888377976272e+00 4.266350890193491452e+00 1.253543187586281782e+01 4.428289660924812665e+02 2.678670554757959787e-01 4.371799609675515086e+01 4.863105989588020206e-01 4.249391601899150146e+02 1.878824747670497786e+01 7.801560649594952324e+00
2.582454383607961090e-01 1.027548182817847433e+01 2.158606640609434635e+01 8.498415773573144634e+02 1.726022654866083417e-01 4.319342673357760987e+01 8.749844052366925196e-01 7.816064250473770016e+02 8.964732142211988730e+01 3.829252504796333767e+01
3.715280992118563108e-01 6.162078140235391466e+00 2.158606640609434635e+01 1.968228043177166228e+03 2.228866151557119812e-01 4.434020593740427074e+01 2.232334447459085602e+00 1.934154600095174374e+03 9.999424761702185549e+01 1.014251620043657987e+01
2.476295878268507111e-01 8.388295499049776893e+00 2.122368474414446382e+01 3.880015838199509517e+02 1.910340262098532693e-01 4.229640893561204251e+01 3.918593156882675954e-01 3.389217767556584704e+02 5.235366989931524984e+01 1.595851677530305501e+01
1.229081863597701441e+00 5.575170676268619729e+00 1.790255372375949144e-02 1.652910550238717178e+03 2.343249353539430813e-01 4.474945347498402271e+01 1.853770789475605696e+00 1.631735203652206792e+03 5.864697231994273352e+01 1.782613225662815770e+00
3.839896666136635162e-01 6.464425248066337559e+00 1.790255372375949144e-02 2.192231888090759639e+03 2.176118948631629302e-01 4.455824244752771790e+01 2.503645967260081484e+00 2.141825182591099747e+03 1.346342428581118895e+02 4.197300758863867998e+01
6.654499801552285376e+00 4.686422520610883602e+00 1.790255372375949144e-02 3.263906558111792720e+02 2.555800017878169794e-01 4.361810905831937646e+01 3.169835961431658466e-01 2.714593567904041720e+02 3.077661726929724750e+01 4.156700245589870235e+01
1.567334431945000084e+01 2.666981040708862771e+00 1.137142131259277456e+01 1.085927928527969755e+02 3.387954938325979937e-01 4.274945748588866934e+01 8.399314115379208356e-02 6.889247956304045317e+01 6.151981412270345118e+00 3.688288589548246676e+01
1.440246702946933022e+00 2.326042307218483263e+00 4.565053263355998325e+01 4.811519652959320297e+02 3.627761977835461948e-01 4.328229214165156691e+01 5.188090499996758087e-01 4.546993078979451184e+02 2.084447859068992415e+01 1.933205686191351091e+01
2.015380184658085994e-01 1.189851661632646262e+01 4.901904107449588821e+00 1.789571251064988701e+03 1.603988236173786441e-01 4.382996943479716379e+01 1.993034118217564821e+00 1.744604933336704789e+03 1.208376549342250428e+02 1.374806819714022765e+01
5.128464041691135344e-01 1.783627186003896581e+00 1.487445622943361023e+00 6.341719868309867252e+02 4.142815074952715948e-01 4.285997142806684224e+01 5.632099339851723840e-01 4.954387991033820526e+02 2.008123562326589706e+02 1.605674099656237885e+01
2.784094125128335206e-01 6.299116645399224446e+00 1.487445622943361023e+00 1.903691884495859540e+03 2.204488127474034387e-01 4.391501143976004329e+01 1.508579239033016162e+00 1.343049908370604271e+03 1.361400628090741975e+03 4.501419374751721136e+01
3.233225048037524085e-01 9.333417808004698557e+00 1.487445622943361023e+00 1.177018647719237833e+03 1.811036635862259825e-01 4.364669240438795583e+01 1.160572578535105315e+00 1.039273567042175500e+03 2.693596197769769560e+02 2.824862436198948856e+01
3.476176551003092863e-01 2.670917623137732733e+00 8.778949631188710967e+00 3.464000675087938816e+02 3.385457316979793574e-01 4.223318158173386649e+01 3.041506358422766398e-01 2.599777995907928698e+02 9.337525203240198834e+01 1.933240362379057231e+01
1.121379672299433805e+00 5.282566601699822506e+00 2.457073813104424076e+01 1.201651529346587722e+03 2.407271636804425297e-01 4.430046185982772755e+01 1.221778037117574378e+00 1.093603900495352718e+03 2.015363306092228584e+02 3.852151813508238121e+01
2.425881769367571883e-01 8.771597595074570819e+00 1.093123274945449630e+01 4.104016043601063757e+02 1.868134924588610302e-01 4.225762702529983983e+01 4.292254757916862395e-01 3.728488636335991373e+02 2.702151438786393811e+01 2.664981934426023358e+01
2.929436300762264245e-01 9.820443764033527145e+00 1.671945065375844308e+01 5.676793808159525270e+02 1.765558178634039355e-01 4.283815733951164617e+01 6.042103765527194748e-01 5.331203955559847145e+02 3.121160507681194218e+01 2.422827768036098206e+01
8.660098248531399534e+00 5.241751232865351717e+00 1.671945065375844308e+01 1.113415254765195186e+03 2.416625681964827410e-01 4.490220886754027418e+01 1.216775478538306476e+00 1.089190548104131040e+03 2.223687359737832736e+01 3.146386210365229630e+01
1.262480137703593241e+00 4.754763557875564928e+00 3.725266812485332313e+00 1.176557953516766474e+03 2.537366062143213141e-01 4.413500436669840354e+01 1.302935656171281043e+00 1.165070702344395386e+03 2.368153593958496828e+01 2.772864376663947361e+00
1.259577281095089596e+00 8.361517872654156136e+00 3.725266812485332313e+00 1.221269615950279785e+03 1.913396733948851958e-01 4.429099222758559762e+01 1.289774718197080450e+00 1.153578158966979345e+03 1.258767507661726768e+02 2.912143607211369201e+01
9.925825095996836822e+00 5.809416948256407309e+00 1.759139417626804658e+01 6.335010227658303847e+02 2.295521241366723919e-01 4.434320546379602490e+01 6.382105374357439631e-01 5.643911964131031027e+02 9.363547268726046013e+01 1.958097308413183768e+01
3.522083995912458909e-01 1.320082568456171934e+01 1.424208909602413264e+01 1.718382324209682793e+03 1.522814632983280070e-01 4.415019172806073300e+01 1.760128893795428917e+00 1.554641511771253136e+03 4.168062293969588836e+02 3.513951810788900332e+01
1.283292550321222025e+00 9.199645703846913491e+00 1.424208909602413264e+01 1.721510511149039985e+03 1.824156262218909197e-01 4.462171201117657660e+01 1.885522571138340986e+00 1.657607058129564848e+03 1.381330454468974551e+02 4.626181061447660881e+01
1.569607623146593578e-01 5.678494276763191806e+01 2.581846053088414905e+01 2.067422851049432211e+03 7.342280860196144510e-02 4.402234984191768774e+01 2.371979859867920482e+00 2.041931365843173353e+03 6.832291872745254580e+01 1.763385598617377426e+01
6.015503915362221399e+00 1.780098997121328575e+00 2.685380154214796633e+01 4.560220264962134706e+02 4.146918610394555449e-01 4.381016669299957300e+01 4.766883804072121755e-01 4.161467260058389002e+02 2.089793454981085574e+01 3.798545834957127454e+01
3.002013231459432219e-01 6.345168472009819816e+00 2.685380154214796633e+01 1.685242179757909980e+03 2.196473716142216259e-01 4.371415559198484857e+01 1.581936800537235177e+00 1.405581317915545924e+03 6.804756342481696265e+02 4.159103661258956919e+01
3.107096048880445549e-01 6.252506251019711137e+00 2.685380154214796633e+01 1.672493303284399190e+03 2.212689740682902972e-01 4.389520034057223086e+01 1.824303903370892321e+00 1.607725118256061251e+03 1.529082531538543321e+02 3.001678463592886814e+01
2.077314271238912546e+00 1.514222001939545770e+01 7.358566599847288003e+00 1.509489030986356283e+03 1.421846827734538354e-01 4.483474970738367205e+01 1.680894692730801054e+00 1.488807937226400782e+03 3.093151782232731506e+01 2.451231667860524510e+01
4.307845481278307354e-01 3.643550265550222544e+00 7.358566599847288003e+00 7.774592282793688582e+02 2.898579436509344798e-01 4.320064182195462621e+01 8.266415251745025117e-01 7.374250790456731011e+02 3.361911685800252059e+01 3.950892255729916513e+01
1.413877949411360413e-01 1.902406861156244844e+01 1.057984864288642868e+01 7.072483643346652116e+02 1.268515819780433040e-01 4.254796815078204020e+01 7.066586596366635220e-01 6.273386220528550439e+02 9.000013368335513064e+01 4.637851997123026138e+01
4.692054207148250722e-01 4.984109547246633021e+00 1.577280657204643388e+00 2.384122456072978366e+03 2.478299560650203126e-01 4.459279092857723015e+01 2.771106663182202556e+00 2.340416379294812032e+03 1.206160967142999425e+02 4.420418064539679648e+01
4.015558351499571854e-01 6.135285402183457748e+00 3.053132996223667917e+01 8.134601447834465944e+02 2.233727569456906148e-01 4.325272828028666083e+01 8.237800487643699432e-01 7.348055043114222826e+02 1.330703858767639645e+02 1.037837815884852333e+01
2.674618445870287631e-01 2.741060824709463262e+01 3.053132996223667917e+01 2.277582591635160952e+03 1.056788924666667295e-01 4.436656410087446289e+01 2.648915875901021177e+00 2.250324897601103658e+03 9.306396965783949327e+01 6.397062843485473493e+00
6.250535809257746767e-01 5.235334033408176602e+00 2.026380253894970096e+01 5.845851104885224458e+02 2.418106315254977823e-01 4.318084239439534144e+01 6.211370815532295531e-01 5.486883107508335797e+02 4.879538639803548250e+01 9.398246765822138471e+00
3.461618059613142395e-01 4.416287901035741648e+00 3.832992128978416702e+01 8.390585342577746815e+02 2.632806252716645701e-01 4.324195576816822495e+01 9.150790593448149268e-01 8.181734285300061629e+02 3.803137008559709642e+01 1.965258545854775551e+00
6.981113821689425292e-01 8.510585779424170383e+00 2.156849328527984255e+01 2.374023043867461183e+03 1.896565572834271740e-01 4.481684176883067039e+01 2.712180211631611826e+00 2.297111955161191418e+03 2.543556705750758056e+02 3.115215097538243683e+01
3.166494631741925692e-01 1.475533032900335506e+01 2.889209578376734200e+00 2.008443361129395953e+03 1.440366862288555705e-01 4.418672684668165118e+01 2.234768180420564132e+00 1.936068066757003180e+03 2.015346793246469588e+02 3.258261995974059744e+01
2.150186847034773197e-01 6.886193020333704062e+00 2.200751878707008391e+00 1.412966770660134443e+03 2.108424206281714064e-01 4.370204941516603725e+01 1.362832884112338938e+00 1.217374838390701598e+03 4.565170670092209093e+02 5.633982424068512351e+00
2.632109801886166611e-01 1.299368587111320750e+01 2.200751878707008391e+00 1.301126014495839058e+02 1.534904671519218555e-01 4.102120447634473521e+01 1.000306093760241488e-01 8.234478906181230684e+01 1.940566524807398707e+01 3.314039052140599750e+01
1.556652713360569429e+00 3.361228269479897168e+00 2.200751878707008391e+00 2.162477394049937516e+02 3.017856504633760206e-01 4.252629425144522202e+01 2.086884154194621477e-01 1.756101791494450310e+02 7.498377184421759267e+00 4.161977112737032769e+01
1.012445515527262252e+00 5.929991207106862561e+00 3.690424552898750932e+01 1.182004765059704141e+03 2.272064022493370805e-01 4.414478929384465999e+01 1.259874888764665357e+00 1.127213668107370495e+03 1.209293238778353725e+02 2.891700252613510713e+00
4.740331420417251973e-01 2.377312744363062613e+00 3.864444224135834816e+01 7.067767281454240447e+02 3.588429598698451017e-01 4.318386441859649949e+01 7.476641266611544490e-01 6.650191540562640284e+02 2.385037310397200017e+01 4.912784114804827595e+01
1.364147369129931509e+00 5.569246026589523169e+00 3.864444224135834816e+01 1.285596789806701963e+03 2.344495414604766959e-01 4.447216080793650406e+01 1.335269090242122259e+00 1.193305269996670404e+03 2.078563011350174747e+02 7.669232368817979761e+00
2.996048995896076761e+00 2.816499608577764935e+00 1.532181780740438981e+00 2.965842478340134676e+02 3.296801065718480972e-01 4.288017034405434202e+01 2.740643185189802766e-01 2.331910251335564510e+02 3.443840724456992319e+01 4.632863583400975926e+01
7.379223320809418674e+00 1.562325482038680269e+00 7.008779228836604425e+00 1.209882880505110506e+03 4.426513890260442841e-01 4.502205173330654731e+01 1.317397771103816062e+00 1.177699474208311813e+03 3.659421240638408790e+01 3.798754161234550963e+01
4.214921717387170585e-01 2.108541117673359011e+01 7.008779228836604425e+00 1.522105327799523593e+03 1.204915392192715262e-01 4.409780666138925653e+01 1.706510888314838992e+00 1.510239155558397442e+03 1.552607734766416492e+01 1.658984702556305280e+01
2.751555858234896457e-01 6.583838535978329354e+00 7.008779228836604425e+00 5.033719231857747900e+02 2.156294145366385862e-01 4.265572389725783609e+01 5.268723597490502231e-01 4.620887792308677717e+02 2.737077143851882610e+01 3.566331998976980344e+01
1.238166157197298833e+00 1.348643868652874556e+00 1.022107488524610552e+01 8.710665412052080683e+02 4.764298331430480982e-01 4.379005979245583546e+01 8.118208685934021895e-01 7.238573217203349941e+02 2.397718566443251973e+02 2.694487926771432384e+01
5.642800618117956857e-01 5.135071779307555317e+00 1.988788564539882842e+01 1.198068872243155283e+03 2.441598953820176554e-01 4.384975665286314950e+01 1.163494351105423652e+00 1.041874597077322960e+03 3.241982269642982715e+02 1.372720503198601705e+01
1.077185689527742074e+00 2.501228450807804649e+00 4.574244021619104217e+01 1.002994030154653444e+02 3.498411641359976954e-01 4.105971517205343702e+01 6.136089122533383566e-02 5.006036273261602076e+01 9.240742494991286193e+00 4.408101007391910997e+01
1.934305747092382177e-01 8.989820113162776849e+00 4.574244021619104217e+01 8.942488354206786880e+02 1.845321699522415315e-01 4.326588691440417733e+01 9.810912337005068817e-01 8.781106413585356449e+02 1.516471356573779694e+01 1.680652121853136194e+01
2.261466587859441157e-01 6.661475913747834987e+00 3.154415647864147942e+01 1.154390603734359502e+03 2.143691858476737544e-01 4.353154467270035610e+01 1.254588971966918987e+00 1.122550331702713038e+03 2.663972735572873418e+01 4.514699883124826130e+01
1.759316786877734629e+00 3.961143179236414902e+00 1.430980216361698432e+01 7.177615181206997477e+02 2.779952140409242545e-01 4.377504706464625883e+01 7.627709686183532511e-01 6.788829175574088595e+02 3.445004272154152858e+01 3.408402565193685518e+01
1.237929511505184932e+00 6.437819060483167100e+00 1.893096130511337805e+01 9.124355506362002188e+02 2.180611039145600727e-01 4.390110847063257893e+01 9.866776958305245593e-01 8.831565630331758712e+02 2.403254173137318261e+01 3.413536989605373861e+01
3.686657501590138164e-01 4.782486543568517767e+00 5.337153005079438906e+00 8.519036369047062180e+02 2.530001106690480950e-01 4.323406934386250811e+01 9.059098529212017414e-01 8.098205707802046618e+02 6.040153119262345882e+01 1.980499917519843933e+01
6.028687130609562406e-01 1.014716410060848162e+01 5.337153005079438906e+00 5.551274453383973650e+02 1.736901729371580216e-01 4.297658143894867067e+01 5.957673352596457583e-01 5.253598722796057245e+02 9.279112927231279784e+00 3.822300780994353886e+01
1.054267282456630150e+00 1.014058961752880705e+01 7.029737250599859877e+00 1.371413859660352500e+03 1.737464683854205161e-01 4.424286793637531190e+01 1.320812582325860518e+00 1.180681394355034399e+03 4.069003778641464351e+02 3.575392747446638708e+01
8.989055807272797738e-01 2.925731954394409140e+00 7.029737250599859877e+00 3.932904902448596545e+02 3.234672542177120524e-01 4.295118718271523761e+01 4.099447698696020437e-01 3.553288447474233180e+02 1.054734937662584393e+01 4.297647414812845312e+01
1.034568898199426101e+01 3.369746396496299035e+00 3.807431862930906163e+01 1.112484923650063365e+03 3.014039785520201686e-01 4.494201360411069146e+01 1.063815109523547520e+00 9.527299496286033218e+02 3.005107207422839792e+02 2.919400846474704991e+01
2.967991741470700884e+00 4.989142785658531309e+00 1.660079039673155288e+00 1.236528017510558357e+03 2.477049143424343847e-01 4.471874806452488116e+01 1.317828010301064889e+00 1.178075172554944857e+03 1.072123895482428821e+02 2.827125177166338688e+01
1.901579967806490967e-01 1.285514700402437427e+01 1.189369155141690726e+00 6.877632660695351206e+02 1.543153278441626308e-01 4.270865637066027176e+01 6.693057823738722822e-01 5.929916665802356874e+02 1.475973492406502032e+02 1.060542979165796140e+01
5.283570474730612254e-01 2.828838691344043976e+00 2.157549365876259895e+00 1.701637565231498684e+03 3.289603066372441265e-01 4.415833013649989880e+01 1.906550624410435990e+00 1.674741048907672393e+03 3.026741539927479252e+01 4.790867091620803819e+01
3.516766852908472796e-01 1.037857011168642885e+01 1.358610034784733855e+01 2.177870994659777352e+03 1.717429141426367045e-01 4.450871205253567098e+01 2.484975222703216247e+00 2.127719212370496280e+03 1.382329024510487727e+02 3.654481620150190935e+01
7.911328257200412883e-01 1.493241473214890647e+01 3.310784947106444775e+00 2.419699187812521359e+03 1.431800691295509187e-01 4.498366603809992625e+01 2.862134294781055299e+00 2.406254983556132629e+03 4.125242576420687612e+01 1.067089656043365764e+01
5.259431700648524277e+00 9.689307286212418546e+00 3.310784947106444775e+00 1.321833733573082327e+03 1.777465683678796649e-01 4.504430680000183429e+01 1.335582959822464222e+00 1.193579350747905892e+03 2.676086595640524024e+02 3.194009148497663375e+01
8.334115717818617597e-01 8.325562609815788662e+00 3.310784947106444775e+00 1.302154421351094015e+03 1.917523936416414831e-01 4.407445160951039043e+01 1.379249787174419817e+00 1.231710592493764125e+03 1.415542668592554776e+02 2.604919795729770371e+01
2.381123318974098790e-01 1.014980960472293781e+01 3.310784947106444775e+00 1.755885534217613895e+03 1.736675356646134039e-01 4.393924109081815033e+01 1.844632633715962866e+00 1.624289289639690651e+03 3.320189910604177044e+02 4.232398074040980163e+01
2.163262130058449362e+00 8.729884304555836749e+00 5.270345719133233686e+00 1.040375167368794337e+03 1.872592783761491131e-01 4.434773673684695439e+01 1.136738505240528774e+00 1.018055919532961184e+03 1.837867084016776076e+01 2.931172541866319747e+01
4.275287438965611475e-01 7.896024565371611459e+00 7.328405465397967999e-01 7.188886140685341388e+02 1.968989245768204277e-01 4.331539969974872406e+01 7.892039358112142855e-01 7.031408271081684234e+02 2.279668189555408375e+01 5.379320514248764340e+00
4.316267185368007908e-01 2.635762902896898296e+00 7.328405465397967999e-01 1.602601138473213723e+03 3.407959452267696476e-01 4.404738753697962039e+01 1.778556819239733411e+00 1.569902118772723043e+03 6.425578636211962191e+01 2.660029780913329489e+01
1.772836786767685080e+00 1.750587270058769818e+01 1.244385637760389152e+01 7.139604011498752243e+02 1.322378277381714151e-01 4.387231172682253089e+01 7.758831818196227914e-01 6.909161819096823365e+02 1.040317558296680112e+01 3.052066580385600147e+01
4.775297541721010286e-01 3.579738077444820199e+00 1.244385637760389152e+01 1.292440188702599926e+03 2.924300266638992785e-01 4.399780520282345009e+01 1.357550428018097666e+00 1.212762032227389227e+03 1.665961446854557266e+02 2.124912721636997404e+01
1.489573909793822759e+00 1.234766654863467927e+01 1.244385637760389152e+01 1.724509734443503476e+03 1.574545239239211469e-01 4.479737424643945332e+01 1.921578512666951788e+00 1.686986010220532535e+03 6.527287231387714428e+01 4.435563409119504286e+01
4.683156414661879263e-01 2.078565788291940830e+00 4.897823212571774221e+00 2.177860313749413308e+03 3.837652989075988619e-01 4.457102268694445257e+01 2.529871824484257736e+00 2.161639130550556729e+03 4.978741716994778699e+01 7.471280363493859156e+00
2.311197180443242682e-01 1.250769332853759863e+01 1.997111246308010379e+01 8.831522693168806200e+02 1.564440236816345697e-01 4.311269044358824232e+01 9.362464617409030909e-01 8.373990487425106721e+02 5.992069523010167131e+01 2.866881622027327836e+01
8.695961324473583387e-01 2.470168186980735037e+00 1.997111246308010379e+01 1.070635942248424271e+03 3.520337706594131588e-01 4.390909332121947273e+01 1.140409979252618555e+00 1.021324351263658400e+03 7.381295184861309622e+01 3.173406958800312694e+01
2.369321300802954333e+00 2.885180026248664653e+00 1.997111246308010379e+01 1.208508725335143936e+03 3.257325288922537920e-01 4.441048687282027174e+01 1.303001603732762970e+00 1.165128289821249609e+03 5.279679472840088295e+01 4.710841783072341826e+01
1.971084597318563425e+01 2.009489187095879092e+00 1.997111246308010379e+01 2.874781221781555018e+02 3.903055732472433537e-01 4.376400890949335576e+01 2.816760360975715249e-01 2.399450814965562984e+02 5.557412202813159041e+01 5.347837136325067853e+00
3.556783396997814872e+00 4.195189633124691397e+00 4.075060428191451223e+01 6.107890685748307078e+02 2.701293609123147088e-01 4.392624945569358630e+01 5.986184248863473112e-01 5.279800955779375045e+02 1.171894912235901955e+02 1.519045875515930888e+01
4.901315225981743295e-01 7.704255044947901254e+00 4.075060428191451223e+01 1.582421678435784543e+03 1.993344048445864769e-01 4.408373315684418969e+01 1.718311279707709804e+00 1.520011342669442456e+03 1.348509818838060426e+02 3.479973780018697482e+01
3.582416768056997824e+00 5.166625586526347291e+00 5.213587652768473468e+00 1.368036458991394966e+02 2.434131823677229134e-01 4.257874143614459683e+01 1.469960008632800186e-01 1.222341877385591431e+02 1.652665706678010338e+01 1.844531781504288315e-01
